Lactococcus_phage,0.0,2080.9990389233726,1826.697019212546,1908.9195897156067,1722.0993002727805,3106.0621371762672,1695.3158997661762,3162.7328372785455
KM389305.1,2080.9990389233726,0.0,2166.4798637421027,3109.2116364120343,2280.554537826272,1942.7241183451654,2178.650729235873,2160.649902228494
NC_028697.1,1826.697019212546,2166.4798637421027,0.0,2401.6044636867246,1493.8734886194345,2659.8007444167692,2261.928380829066,3570.8431777382775
KC821626.1,1908.9195897156067,3109.2116364120343,2401.6044636867246,0.0,2328.173962572385,3981.927925013209,2173.4083831622625,4102.9549107929515
coronavirus,1722.0993002727805,2280.554537826272,1493.8734886194345,2328.173962572385,0.0,2772.3538735161496,2113.1076640815063,3404.0826958227676
adenovirus,3106.0621371762672,1942.7241183451654,2659.8007444167692,3981.927925013209,2772.3538735161496,0.0,3207.082786583471,2335.3434436930256
U18337.1,1695.3158997661762,2178.650729235873,2261.928380829066,2173.4083831622625,2113.1076640815063,3207.082786583471,0.0,3213.817823088297
herpesvirus,3162.7328372785455,2160.649902228494,3570.8431777382775,4102.9549107929515,3404.0826958227676,2335.3434436930256,3213.817823088297,0.0
