Lactococcus_phage,0.0,235.66713814191405,261.8262782839034,274.5942461159738,358.4717562096071,233.7498663101222,227.54559982561736,250.80071770232237
KM389305.1,235.66713814191405,0.0,284.98421008891,319.9890623130734,376.8195854782498,242.75913988972692,253.92124763398593,252.99802370769618
NC_028697.1,261.8262782839034,284.98421008891,0.0,309.66917831776544,337.16316524792563,291.6333314283537,280.75256009518415,314.8714023216462
KC821626.1,274.5942461159738,319.9890623130734,309.66917831776544,0.0,353.7711124441904,315.3141290839978,278.7741020970205,339.7690392016318
coronavirus,358.4717562096071,376.8195854782498,337.16316524792563,353.7711124441904,0.0,382.97911170193083,360.38729167383246,415.61640968566195
adenovirus,233.7498663101222,242.75913988972692,291.6333314283537,315.3141290839978,382.97911170193083,0.0,251.35632078784093,231.330931783884
U18337.1,227.54559982561736,253.92124763398593,280.75256009518415,278.7741020970205,360.38729167383246,251.35632078784093,0.0,272.1580423210014
herpesvirus,250.80071770232237,252.99802370769618,314.8714023216462,339.7690392016318,415.61640968566195,231.330931783884,272.1580423210014,0.0
